list( y = c( 2, 3, 1, 5, 4, 1, 3, 1, 2, 3, 2, 3, 0, 7, 1, 4, 1, 5, 1, 1, 5, 3, 
3, 2, 5, 5, 3, 3, 5, 3, 1, 2, 3, 3, 3, 5, 5, 4, 0, 3, 1, 4, 4, 3, 2, 2, 3, 2, 
1, 1, 4, 4, 1, 5, 1, 3, 1, 4, 3, 5, 8, 4, 4, 6, 3, 3, 5, 5, 2, 2, 0, 2, 2, 3, 
4, 1, 4, 3, 1, 2, 2, 3, 3, 3, 1, 2, 1, 7, 3, 3, 3, 2, 0, 4, 3, 1, 4, 3, 3, 5, 
3, 6, 2, 6, 6, 3, 3, 1, 3, 3, 3, 2, 4, 2, 1, 5, 4, 0, 2, 6, 1, 5, 5, 1, 5, 6, 
5, 4, 3, 3, 1, 1, 1, 3, 2, 2, 2, 1, 5, 2, 3, 3, 3, 8, 5, 4, 2, 2, 5, 1, 3, 4, 
4, 5, 0, 5, 4, 2, 3, 5, 2, 1, 5, 2, 1, 3, 3, 3, 1, 2, 2, 2, 5, 3, 2, 1, 5, 4, 
4, 0, 6, 2, 3, 4, 1, 1, 5, 3, 1, 3, 5, 5, 2, 1, 2, 2, 2, 5, 3, 0, 0, 2, 4, 4, 
2, 4, 2, 1, 6, 4, 0, 4, 3, 2, 6, 3, 1, 2, 2, 2, 2, 0, 1, 5, 1, 3, 2, 1, 2, 7, 
1, 3, 5, 5, 5, 0, 1, 5, 4, 3, 2, 2, 3, 7, 0, 2, 0, 3, 5, 2, 3, 1, 3, 4, 3, 3, 
5, 2, 3, 2, 2, 1, 3, 4, 3, 2, 2, 2, 2, 4, 4, 4, 1, 3, 1, 3, 1, 4, 5, 1, 3, 4, 
6, 3, 3, 2, 4, 1, 4, 2, 2, 4, 5, 5, 3, 3, 2, 2, 5, 2) , CJ 
= structure(.Data = c( -0.2039688, -0.206987, -0.2809117, -0.5235465, 
-0.5003178, -0.8541206, -0.91641, -0.3225633, -0.190249, -0.1177368, 0.115607, 
0.05694216, -0.06446761, 0.05460249, 0.3208905, 0.3162662, 0.1763544, 
0.2490468, 0.3043363, 0.2169601, -0.3982512, -0.6330584, -0.9907772, -1.432916, 
-1.451296, -1.66863, -2.188794, -1.255992, -0.636434, -0.3660156, 0.4157789, 
0.9656382, 1.223907, 1.172226, 1.599747, 2.625695, 2.105082, 0.9668069, 
0.6394559, 0.4001938, 0.4210294, 0.6967405, 1.00991, 1.4107, 1.335344, 
1.324821, 1.335471, 0.8517407, 0.5298757, 0.3110088, -0.3137473, -0.6008171, 
-0.9417312, -1.337996, -1.461477, -1.829569, -2.188004, -1.24, -0.6758195, 
-0.3502778, 0.1431857, 0.2667385, 0.5417188, 0.6924073, 0.3115671, 0.0386719, 
-0.01733852, 0.2296621, 0.209265, 0.05536527, -0.3412005, -0.7190175, 
-1.117716, -1.423833, -1.382855, -1.941795, -2.200641, -1.20904, -0.6970649, 
-0.3455703, -0.1197402, -0.1540419, -0.2138845, -0.2692477, -0.3163891, 
-0.699989, -0.9548004, -0.4602314, -0.2057746, -0.04571537, 0.07810579, 
0.1775116, 0.3042093, 0.4128729, 0.3395924, 0.3047735, 0.4277574, 0.6833428, 
0.4264318, -0.1215409, -0.1896274, -0.3217639, -0.6229155, -0.8753075, 
-0.7776078, -0.9100658, -1.124354, -0.6912818, -0.3741107, -0.1850008, 
0.1892568, 0.1528606, 0.168507, 0.4197886, 0.6004871, 0.3616407, 0.2403843, 
0.1989774, 0.1733354, 0.1592755, -0.3998435, -0.7986098, -1.326336, -1.677879, 
-1.549099, -2.120705, -2.738687, -1.457659, -0.8066791, -0.4426619, 0.8719571, 
1.176453, 1.461213, 1.934576, 2.01782, 2.936471, 3.296751, 2.190733, 1.215824, 
0.4772563, -0.4176026, -0.7076244, -1.019661, -1.459832, -1.521088, -1.83582, 
-2.217391, -1.270714, -0.6457373, -0.3141824, 0.4060251, 0.7019645, 0.9234403, 
1.015676, 0.8748091, 1.189841, 1.335007, 0.7841619, 0.513589, 0.3652346, 
-0.3023845, -0.5239721, -0.9066694, -1.234703, -1.223142, -1.882575, -2.179403, 
-1.09111, -0.5394051, -0.3010245, 0.2732598, 0.5201217, 0.7977532, 1.024167, 
1.382027, 2.179129, 2.104567, 1.127584, 0.6726369, 0.3710555, -0.325511, 
-0.538169, -0.8920815, -1.323926, -1.300319, -1.842209, -2.205928, -1.176182, 
-0.6094579, -0.3374455, -0.426201, -0.7771283, -1.136967, -1.562315, -1.558797, 
-1.818826, -2.263762, -1.321582, -0.6945838, -0.3576795, 0.4308782, 0.6412195, 
0.981478, 1.507246, 1.702668, 2.478861, 2.481031, 1.41713, 0.8502173, 
0.4320589, 0.132614, 0.2882251, 0.4339146, 0.5358718, 0.3566506, 0.1268578, 
0.06517847, 0.2553206, 0.3097123, 0.1871028, -0.05244042, 0.09690898, 
0.1939703, 0.4619301, 0.3891296, 0.1054913, 0.2232479, 0.2192002, 0.2293844, 
0.163674, -0.2089067, -0.3439632, -0.4735235, -0.5282018, -0.628614, 
-0.9142465, -0.8018276, -0.313105, -0.2317376, -0.1622888, 0.734275, 0.8331995, 
1.152696, 1.837697, 1.602786, 1.868453, 2.056384, 0.9619757, 0.5155656, 
0.3616263, 0.1584632, 0.4450298, 0.7125699, 1.072639, 1.355961, 1.798489, 
1.884753, 0.9249777, 0.451894, -0.01122997, 0.09919534, 0.1975066, 0.3632152, 
0.4169412, 0.3989422, 0.5292782, 0.2709808, 0.07530843, 0.1439667, 0.1382858, 
0.1505973, 0.3687113, 0.5681169, 0.5083653, 0.3989076, 0.3035944, 0.2896667, 
0.3104338, 0.3063301, 0.2440207, 0.3987797, 0.6551836, 1.225454, 1.757113, 
1.187959, 1.624633, 2.221066, 1.096311, 0.5559463, 0.3143362, 0.02803419, 
0.008349838, -0.1236327, -0.217069, -0.1823499, -0.1256057, -0.003399154, 
-0.04840895, 0.02734885, 0.07813986, -0.342569, -0.67797, -1.107916, -1.624113, 
-1.64081, -1.92596, -2.232282, -1.246325, -0.706435, -0.4067014, -0.2997041, 
-0.5138104, -0.6591673, -0.7312618, -0.9326594, -1.01833, -0.9936703, 
-0.691833, -0.4883255, -0.2426462, 0.02024423, 0.04811058, 0.1032897, 0.259801, 
0.2984627, 0.1630618, 0.1765556, 0.1023505, 0.03829472, 0.04199908, 
-0.01412231, 0.2098308, 0.5869272, 0.831427, 0.5317881, 0.2683612, 0.1553953, 
0.1817632, 0.1893643, 0.1857517, 0.1145895, 0.1227991, 0.07121041, 0.1235964, 
0.213913, 0.2964105, 0.3021427, 0.1559945, 0.1298583, 0.08276947, 0.2960743, 
0.6137513, 1.051404, 1.511295, 1.622359, 2.070117, 2.347219, 1.264737, 
0.8254548, 0.4499691, 0.2925242, 0.5796119, 0.9311495, 1.242605, 1.28774, 
1.814697, 1.847528, 0.8147244, 0.4932183, -0.04060465, 0.2185339, 0.502411, 
0.7927705, 1.004275, 1.028651, 1.22251, 1.414498, 1.03396, 0.5494466, 
0.2305121, -0.482343, -0.8235448, -1.265991, -1.670686, -1.709264, -2.385036, 
-2.788196, -1.456404, -0.8218167, -0.4287036, 0.02694159, -0.0722649, 
-0.1218358, -0.05985038, 0.05813948, -0.03285549, 0.04487234, 0.03305768, 
-0.08314333, -0.1001899, -0.3749117, -0.6861844, -0.9605263, -1.380911, 
-1.56752, -1.99098, -2.207059, -1.168492, -0.5951131, -0.3053621, 0.3850138, 
0.6397592, 0.9630153, 1.143672, 1.165854, 1.596235, 1.678323, 0.967466, 
0.5053018, 0.3218121, 0.1385339, 0.4081874, 0.8029472, 1.050247, 1.013993, 
1.290731, 1.517969, 1.018975, 0.4875732, 0.05907667, 0.04135926, -0.08981131, 
0.01087141, 0.06318975, -0.01170391, -0.03348205, -0.04517457, -0.09050234, 
-0.08545823, -0.01593711, -0.1062837, -0.2424822, -0.3785589, -0.5605052, 
-0.6258604, -0.8551885, -0.8955076, -0.4103866, -0.1979941, -0.1032453, 
-0.1776228, -0.3101016, -0.5405465, -0.8098767, -0.8623642, -1.07742, 
-0.9997547, -0.5601115, -0.3668834, -0.2117128, 0.1563228, 0.3971314, 
0.7381877, 0.6973024, 0.5338651, 0.42051, 0.3458798, 0.3564343, 0.2482776, 
0.08000107, -0.2944796, -0.480741, -0.7140633, -0.8553088, -0.6331125, 
-0.8074217, -0.8191411, -0.5674047, -0.4054735, -0.1852847, -0.3396187, 
-0.6200223, -0.9209431, -1.241267, -1.326264, -1.835802, -2.192846, -1.192236, 
-0.6181852, -0.3230559, -0.3580313, -0.811764, -1.277318, -1.632481, -1.562261, 
-2.0338, -2.342428, -1.357296, -0.7741619, -0.425644, 0.2709569, 0.5642781, 
0.7185169, 0.9496514, 1.100242, 1.122394, 1.257272, 0.8518316, 0.6315935, 
0.3509286, 0.1678612, 0.336526, 0.4011451, 0.3902952, 0.3174876, 0.7490196, 
1.18124, 0.5869055, 0.2311185, 0.08433331, -0.2901433, -0.6175525, -0.9853904, 
-1.235014, -1.365553, -1.81553, -2.091933, -1.199831, -0.6817223, -0.3317125, 
0.4929913, 0.6819617, 0.9808568, 1.439132, 1.712431, 2.26496, 2.189096, 
1.195532, 0.6322366, 0.2652859, -0.2783578, -0.4964498, -0.8843736, -1.20826, 
-1.183127, -1.768829, -2.172207, -1.130456, -0.5537261, -0.2864756, 0.07407648, 
0.121933, 0.2282501, 0.2322966, 0.0893743, 0.2759082, 0.3999964, 0.2434496, 
0.08562492, 0.1088162, -0.4222128, -0.8179942, -1.14828, -1.476413, -1.680909, 
-2.117626, -2.2757, -1.355299, -0.7685608, -0.3851355, 0.2128518, 0.428793, 
0.6975741, 0.9089843, 0.8827043, 1.204391, 1.476154, 0.9139554, 0.5019559, 
0.2354353, 0.02130701, -0.06106149, -0.2473405, -0.207348, -0.02432809, 
0.01853055, 0.1904539, 0.1195248, 0.0138197, 0.04415338, 0.2927359, 0.6454951, 
1.127577, 1.352199, 1.490438, 1.837436, 2.316407, 1.224638, 0.5295481, 
0.2862562, 0.3998578, 0.9436154, 1.585621, 2.16152, 2.30244, 3.205856, 
3.162858, 2.177004, 1.17017, 0.4470776, 0.3005371, 0.6319227, 0.7812482, 
0.9676253, 0.7594196, 0.8514549, 1.226677, 0.8343433, 0.5680298, 0.3670778, 
0.1738878, 0.4592103, 0.7184649, 0.8047522, 0.8806105, 0.9723815, 1.332375, 
0.7824578, 0.4538084, 0.2827253, 0.6689774, 0.9455207, 1.130401, 1.77442, 
2.109519, 2.588731, 3.287915, 1.81583, 0.805572, 0.3961475, 0.06674078, 
0.09479158, 0.06867431, 0.04262732, 0.05129844, 0.1029813, 0.1363102, 0.130425, 
0.1355314, 0.1457207, 0.002224784, -0.05881318, -0.181614, -0.03700503, 
0.003542257, 0.2506545, 0.4603068, 0.1791507, 0.1226968, 0.1816852, 0.4469859, 
0.6847562, 0.9312723, 1.406877, 1.653524, 2.075552, 2.47801, 1.311771, 
0.6903089, 0.4240887, 0.1658605, 0.4100374, 0.8894418, 1.48308, 1.536721, 
1.896171, 2.305284, 1.249392, 0.7423109, 0.4746143, -0.04175441, -0.1439575, 
-0.1647413, -0.2322421, -0.4250911, -0.8167366, -0.9494946, -0.3221977, 
-0.07748369, -0.03723451, -0.0864414, -0.2477419, -0.2713904, -0.2824272, 
-0.4738078, -0.88086, -1.033334, -0.5688478, -0.2715884, -0.1352777, 
-0.4374424, -0.8465769, -1.277947, -1.695488, -1.710893, -2.216655, -2.798212, 
-1.514046, -0.8092581, -0.4264256, -0.1163214, -0.3080271, -0.6128987, 
-0.8610228, -0.6714273, -0.7895498, -0.7383706, -0.2841883, -0.1932523, 
-0.1124162, -0.1883008, -0.2375653, -0.268752, -0.1126331, -0.1888288, 
-0.6436437, -0.9439607, -0.5311117, -0.2159504, -0.08140892, -0.1051746, 
-0.0116658, 0.1488452, -0.001486487, -0.1900886, -0.1339845, -0.06309406, 
-0.07680985, -0.0002459527, 0.01777535, 0.06171917, 0.1954497, 0.4551005, 
0.4501166, 0.6035628, 1.17346, 1.419796, 0.730048, 0.2518556, 0.1014395, 
-0.3607377, -0.5739817, -0.8509608, -1.081726, -1.069071, -1.790455, -2.022997, 
-1.004305, -0.5778461, -0.2664517, 0.06190957, 0.2779519, 0.5556152, 0.7427077, 
0.7858898, 1.062561, 1.154417, 0.6348391, 0.350785, 0.1960732, -0.007935755, 
0.000172107, 0.1473448, 0.2520004, 0.04627293, -0.03220915, 0.0867912, 
-0.03327459, -0.05966651, -0.05953862, -0.3691245, -0.6832131, -1.080304, 
-1.509464, -1.590826, -2.019977, -2.290209, -1.327498, -0.7243247, -0.3470076, 
-0.2694949, -0.4260265, -0.6615409, -1.00738, -0.9660191, -0.8876318, 
-0.819307, -0.5284383, -0.4223597, -0.2870561, -0.2217571, -0.3210917, 
-0.4639567, -0.6721864, -0.7736017, -1.01466, -1.066298, -0.5363241, 
-0.3209067, -0.1577648, 0.1929053, 0.2588332, 0.341003, 0.4589266, 0.4492017, 
0.2981307, 0.2189942, 0.2335244, 0.3339246, 0.2615605, 0.08580247, 0.0294262, 
0.1038816, 0.1602102, 0.01872541, 0.1062445, 0.1570257, 0.1707926, 0.06622337, 
0.08282094, -0.06338352, -0.1100652, -0.1468957, 0.005066027, 0.09739402, 
0.05001837, 0.1840542, 0.0188945, -0.09828368, -0.02201, -0.3932878, 
-0.6965191, -1.122689, -1.613863, -1.676197, -1.831056, -2.132699, -1.250281, 
-0.7034719, -0.401547, -0.3113617, -0.5388135, -0.6807845, -0.9062334, 
-1.033604, -0.9401079, -1.05175, -0.8067188, -0.5209133, -0.2716607, 
-0.2993375, -0.580831, -0.8684106, -1.203448, -1.375608, -1.946909, -2.095292, 
-1.098579, -0.636764, -0.2744501, 0.4915064, 0.9535798, 1.466993, 1.781515, 
2.049281, 3.46015, 3.842193, 2.075096, 0.8870887, 0.1257313, 0.226766, 
0.3761533, 0.3273321, 0.5057136, 0.6170194, 0.4297448, 0.3949547, 0.3688489, 
0.1628392, -0.2175947, 0.02965206, 0.08932543, 0.08515126, 0.01873419, 
-0.0004063784, -0.1315525, -0.03480461, -0.04911074, 0.03857493, 0.150007, 
0.1999301, 0.3259769, 0.4352345, 0.4071042, 0.4371331, 0.5498865, 0.4486786, 
0.409836, 0.3216043, 0.1348217, -0.2948344, -0.4730547, -0.7151372, -1.009693, 
-1.054219, -1.158598, -1.114712, -0.7578403, -0.555136, -0.3007151, -0.3667526, 
-0.7200015, -1.148694, -1.738426, -1.813008, -2.439933, -2.97842, -1.55318, 
-0.8087298, -0.4463945, 0.1955124, 0.2720116, 0.5416778, 1.101949, 0.989606, 
0.8681886, 1.195266, 0.6523067, 0.3418509, 0.2275094, 0.03056938, 0.03469739, 
0.03139157, 0.104078, 0.07610012, 0.07131021, 0.3879341, 0.3887501, 0.259104, 
0.1325774, -0.3619563, -0.6318726, -0.8981799, -1.110068, -1.13551, -1.560063, 
-1.930939, -1.055279, -0.5463222, -0.2410272, 0.1755548, 0.2720268, 0.5319803, 
0.9540849, 0.9392521, 1.154843, 1.386305, 0.8563343, 0.5406988, 0.2239791, 
0.1296004, 0.08171442, 0.08178044, 0.39578, 0.4606579, 0.02519246, 0.01654762, 
0.05732612, 0.05761982, 0.00360971, -0.07388322, -0.06209089, -0.01130689, 
0.1591111, 0.07801687, -0.1486309, -0.003034301, 0.01993988, -0.03323959, 
0.0780571, 0.2206994, 0.6090384, 1.047294, 1.213425, 1.182057, 1.894937, 
2.380173, 1.379828, 0.8242774, 0.4679561, -0.07395346, -0.04402883, 
-0.09043232, -0.2426604, -0.2601227, -0.07771034, 0.07926528, 0.0233124, 
0.0008558935, -0.02169238, 0.3155919, 0.7963025, 1.444856, 2.183002, 2.456536, 
2.890388, 3.310199, 1.614021, 0.7509022, 0.4281941, -0.2109537, -0.3574884, 
-0.4836205, -0.7976522, -0.9090402, -0.819066, -1.013262, -0.7718267, 
-0.4372697, -0.1827304, 0.302468, 0.7462836, 1.2578, 1.863215, 1.8571, 
2.551361, 2.966902, 1.48777, 0.7673698, 0.455268, 0.1871808, 0.6492466, 
1.089649, 1.723605, 1.783077, 2.504106, 3.373971, 1.96492, 0.8705886, 
0.3401242, 0.03060692, -0.08229156, 0.00356493, 0.139695, -0.006175243, 
0.006039721, 0.02268553, -0.04925231, 0.004468729, 0.07944898, 0.2997409, 
0.3634346, 0.3321619, 0.4281, 0.5950906, 0.4382166, 0.2854516, 0.2115566, 
0.2761703, 0.3043492, -0.3407561, -0.5722785, -0.9199942, -1.246441, -1.205618, 
-1.693371, -2.036876, -1.129732, -0.6301711, -0.2667662, -0.0335666, 
0.02100388, -0.02146247, -0.1532866, -0.1641225, -0.2531474, -0.03616619, 
0.003254614, -0.02024869, -0.01780807, 0.09433206, 0.216956, 0.3560577, 
0.4216103, 0.2195639, 0.3038812, 0.2907591, 0.1212633, 0.09323778, 0.02493598, 
0.1727356, 0.3743714, 0.4234498, 0.2630916, 0.2522685, 0.147975, 0.08894785, 
0.2047256, 0.1463886, 0.1192026, -0.1866044, -0.4589847, -0.7809357, 
-0.9567239, -0.9184285, -1.117246, -1.129525, -0.7473915, -0.479943, 
-0.1982206, 0.1273039, 0.2426066, 0.5103718, 0.9012642, 0.9430923, 1.082725, 
1.23234, 0.7404444, 0.599672, 0.5193159, -0.1384915, -0.2716074, -0.3750634, 
-0.5556539, -0.7835388, -0.8638863, -0.9518018, -0.5404938, -0.3295065, 
-0.1673041, -0.3294673, -0.7188879, -1.054728, -1.498834, -1.571475, -1.764765, 
-2.075963, -1.210961, -0.7753721, -0.4654351, 0.2956041, 0.5560448, 0.7369972, 
1.108736, 1.261342, 1.936329, 2.413871, 1.317191, 0.6401625, 0.4048426, 
0.1633877, 0.407347, 0.6211009, 0.7414541, 0.6437272, 1.003021, 1.180098, 
0.6100445, 0.3542229, 0.1535929, -0.4525337, -0.8512125, -1.208856, -1.635195, 
-1.797601, -2.518809, -2.856493, -1.463054, -0.8190943, -0.4336873, -0.1847999, 
-0.3580147, -0.5502099, -0.5696821, -0.5960842, -0.9019077, -1.090917, 
-0.7612229, -0.4137382, -0.1495853, 0.3834103, 0.6913669, 1.026797, 1.56817, 
1.863894, 2.778127, 3.281386, 1.684127, 0.8031883, 0.3713914, -0.3192575, 
-0.5105555, -0.773604, -1.211053, -1.264376, -1.657757, -1.955199, -0.9347634, 
-0.5680138, -0.3363505, 0.2936507, 0.7024119, 1.064157, 1.205296, 1.29699, 
1.904873, 2.1622, 1.048907, 0.5469468, 0.1489603, 0.3364824, 0.7323697, 
1.129592, 1.371488, 1.278977, 1.936025, 2.305928, 1.18761, 0.6079996, 
0.3477766, -0.381838, -0.7454372, -1.103645, -1.523855, -1.496709, -1.858006, 
-2.231919, -1.308942, -0.7308752, -0.3980636, 0.40951, 0.7685628, 1.150425, 
1.50379, 1.32814, 1.817784, 2.408267, 1.247282, 0.5756, 0.2480787, 0.6133146, 
0.8907495, 1.176751, 1.738195, 2.202925, 2.309183, 2.446603, 1.347338, 
0.7934896, 0.4506142, 0.0433116, 0.326421, 0.4240555, 0.9652963, 1.23211, 
1.780948, 2.434122, 1.340272, 0.7781026, 0.4989886, 0.2757822, 0.6332244, 
1.072095, 1.258347, 1.092795, 1.133021, 1.427326, 0.9477303, 0.5073953, 
0.1773614, 0.09792146, 0.03569855, -0.02468753, 0.09649293, 0.07793366, 
0.08330442, 0.1935, 0.1084144, 0.06707549, 0.1000038, -0.0599632, -0.09726322, 
-0.1062348, -0.0518211, 0.004479123, 0.009205042, 0.09380312, 0.004009431, 
-0.0187283, -0.01916854, -0.3616937, -0.6823773, -1.033975, -1.356246, 
-1.358493, -1.670767, -2.023099, -1.12617, -0.605833, -0.3601738, -0.3583017, 
-0.6731703, -1.047007, -1.295714, -1.376263, -1.796823, -2.170443, -1.218354, 
-0.6484796, -0.3305661, -0.3429067, -0.6886093, -1.103223, -1.471757, 
-1.481491, -1.971634, -2.249283, -1.322311, -0.784641, -0.41072, -0.1306051, 
-0.1406665, -0.1313126, -0.3500736, -0.2788933, -0.04054513, 0.01333976, 
-0.1137851, -0.1292146, -0.06644308, 0.00453829, -0.1864264, -0.3838229, 
-0.5215747, -0.4817097, -0.6686734, -0.9758166, -0.5316073, -0.2127006, 
-0.0239349, -0.1532946, -0.2987818, -0.5123582, -0.7237568, -0.5949507, 
-0.8780468, -1.098539, -0.5705311, -0.3177539, -0.1689952, -0.04878585, 
-0.1147666, -0.2190501, -0.4178203, -0.4719693, -0.7704209, -0.9893297, 
-0.5375424, -0.2793218, -0.1830912, -0.3952814, -0.7970941, -1.247792, 
-1.615222, -1.66334, -2.02285, -2.183345, -1.320337, -0.806753, -0.4069645, 
0.2266207, 0.6592645, 1.007972, 1.181144, 1.208973, 1.591674, 2.07388, 
1.045457, 0.4252588, -0.03380301, -0.2248376, -0.3750104, -0.5723999, 
-0.6899693, -0.5103062, -0.8818357, -0.9164609, -0.4597706, -0.2790494, 
-0.1343808, -0.05465602, 0.02631402, -0.03531739, -0.1428714, -0.1290661, 
-0.04701031, 0.06849073, -0.01474416, -0.005693812, 0.02740914, -0.04349929, 
0.02971142, 0.1219397, -0.03502718, -0.2328486, -0.131988, 0.004007956, 
-0.08447413, -0.005221693, 0.005850432, -0.02341082, 0.007781529, -0.0431307, 
-0.0701079, -0.01676573, -0.08020522, 0.01283476, -0.009558133, -0.05202375, 
-0.1082834, 0.5688065, 0.8988655, 1.411423, 2.019001, 2.549066, 3.50781, 
3.797479, 2.24095, 0.863558, 0.160348, 0.3860839, 0.7655051, 1.247502, 
1.319897, 1.059996, 1.844417, 2.264705, 1.191004, 0.582966, 0.1996427, 
0.2106195, 0.3478611, 0.6046938, 0.9818011, 0.9473308, 0.9275266, 1.343997, 
0.8320487, 0.4631489, 0.371641, -0.1232283, -0.1938005, -0.2779121, -0.6391977, 
-0.7280329, -0.5677934, -0.8681512, -0.5814471, -0.3540067, -0.1842892, 
-0.2061083, -0.3811226, -0.6372516, -0.781093, -0.7446794, -0.8853769, 
-1.006161, -0.6378747, -0.4862762, -0.2899501, 0.231916, 0.5809675, 0.994327, 
1.172403, 1.234259, 1.917322, 2.199037, 0.9863903, 0.4094829, -0.1227292, 
-0.329238, -0.6586212, -0.977134, -1.290078, -1.375678, -1.736441, -2.141722, 
-1.172023, -0.6519526, -0.3864715, -0.01534392, 0.02168423, 0.006810593, 
0.03251775, 0.1397672, 0.2308505, 0.1193667, 0.09638815, 0.06128842, 
0.03954243, 0.1444663, 0.3463363, 0.7912781, 1.236939, 1.035933, 0.8476029, 
1.103663, 0.7372856, 0.4309492, 0.2313425, 0.1242646, 0.3123855, 0.79519, 
1.318243, 1.234697, 1.347897, 1.591247, 0.8181799, 0.4255946, 0.1715191, 
0.4589036, 0.8113014, 1.1897, 1.718619, 1.855885, 1.925669, 2.129998, 1.367997, 
0.8808591, 0.483132, -0.4068856, -0.8033512, -1.227653, -1.617459, -1.729631, 
-2.420234, -2.890375, -1.555476, -0.8136648, -0.428999, 0.4096323, 0.7432631, 
1.089879, 1.424847, 1.516482, 2.214004, 2.433206, 1.118144, 0.6430607, 
0.3323893, 0.4080228, 0.5099367, 0.603029, 0.6639298, 0.6178857, 0.9081819, 
1.049508, 0.5419426, 0.3971607, 0.2457637, -0.09886549, -0.31597, -0.6463995, 
-0.7713954, -0.5898835, -0.607915, -0.8549758, -0.4402005, -0.3279536, 
-0.2120529, 0.01741448, 0.00997485, -0.09525424, -0.2588618, -0.214396, 
0.004394896, 0.1199861, -0.03418736, -0.1365672, -0.1261686, 0.3814338, 
0.6169701, 0.9030626, 1.158313, 1.219255, 2.039936, 2.119941, 1.076684, 
0.626565, 0.2257173, -0.2353126, -0.4615172, -0.6957833, -0.8278745, 
-0.8512711, -0.9936627, -1.05788, -0.6029282, -0.3624042, -0.1989385, 
-0.2783878, -0.5282029, -0.7604834, -1.072868, -1.073883, -1.593161, -1.999955, 
-0.897738, -0.4515088, -0.2890111, 0.2147805, 0.4620575, 0.7630832, 1.35965, 
1.427259, 1.903777, 2.221678, 1.173993, 0.6899469, 0.4054, -0.005129202, 
-0.1055159, -0.04073132, -0.04788299, -0.3995501, -0.7656898, -0.7980711, 
-0.3355273, -0.09216655, -0.02845181, -0.2961938, -0.7268609, -1.169603, 
-1.384336, -1.310744, -1.802997, -2.113181, -1.177756, -0.6809247, -0.3395652, 
-0.08841469, -0.1662206, -0.2423759, -0.4331339, -0.3962156, -0.04461157, 
0.07107958, -0.1868558, -0.1702452, -0.0159051, 0.1549858, 0.1321656, 
0.1380202, 0.06289865, 0.1337513, 0.0885412, 0.03251875, -0.01477091, 
0.0305434, 0.1055577, 0.08766248, 0.1385574, 0.2843867, 0.4470655, 0.2425101, 
-0.03414493, 0.2032998, 0.2402379, 0.07339858, 0.04141549, -0.3669413, 
-0.6919929, -1.101465, -1.494271, -1.524297, -1.901467, -2.134775, -1.215926, 
-0.6955254, -0.3555596, -0.3125173, -0.5854164, -0.8814112, -1.042802, 
-1.174569, -1.191071, -1.034476, -0.630601, -0.4902067, -0.3016762, -0.1256238, 
-0.1706637, -0.2865171, -0.5068038, -0.406409, -0.5943706, -0.8758388, 
-0.4900009, -0.2868739, -0.156851, -0.2189303, -0.4389395, -0.6362085, 
-0.8902052, -0.9426039, -1.089472, -1.062174, -0.646589, -0.4530005, 
-0.2240199, 0.4119559, 0.7971672, 1.161854, 1.546769, 1.776648, 2.575119, 
2.632819, 1.470216, 0.8682179, 0.3895072, 0.07651765, 0.03568979, -0.04304673, 
-0.2057935, -0.1588003, -0.1508742, -0.1336646, -0.07975253, 0.02744409, 
0.05087641, -0.04707757, -0.1209589, -0.1583062, -0.1488654, -0.260748, 
-0.5210653, -0.8865929, -0.4676947, -0.170538, -0.04871493, -0.4238525, 
-0.7617775, -1.156438, -1.599992, -1.575271, -1.757458, -2.036077, -1.167488, 
-0.7321644, -0.4138375, 0.3741578, 0.6469717, 1.112809, 1.558153, 1.554622, 
1.913447, 2.35093, 1.337113, 0.8558258, 0.5452173, 0.3347915, 0.5358043, 
0.9281837, 1.33123, 1.154988, 1.00451, 1.065988, 0.6482414, 0.5850946, 
0.5218273, 0.1455513, 0.2220669, 0.2862404, 0.4216578, 0.446811, 1.107883, 
1.555304, 0.8073586, 0.4504441, 0.2521427, -0.3980563, -0.699985, -1.12059, 
-1.583109, -1.702752, -2.457043, -2.876871, -1.494187, -0.7778527, -0.4077751, 
0.5441791, 0.8739324, 1.12147, 1.406473, 1.553115, 2.457056, 3.323105, 
1.689902, 0.8835345, 0.5088183, -0.2163837, -0.4474867, -0.6350051, -0.7854501, 
-0.829465, -1.07954, -1.109175, -0.6681832, -0.4458252, -0.2648741, 
-0.01869294, -0.08385441, 0.0130751, 0.2433158, 0.1219306, 0.2976676, 
0.2925279, 0.1111037, 0.1027623, 0.05503331, 0.2723604, 0.6251758, 1.000513, 
1.478386, 1.305162, 1.322382, 1.322262, 0.9326272, 0.761157, 0.5097872, 
-0.2990171, -0.5977104, -0.9524652, -1.26935, -1.208437, -1.741832, -2.033984, 
-1.059891, -0.614861, -0.3333122, -0.4166072, -0.7732486, -1.098577, -1.418333, 
-1.686317, -2.210489, -2.358888, -1.359004, -0.7393196, -0.3961734, 0.2645029, 
0.6420395, 1.064557, 1.473773, 1.785262, 2.339266, 2.486825, 1.222892, 
0.5769825, 0.2763671, 0.0595815, 0.06704605, -0.0118879, -0.2940129, 
-0.4881324, -0.2831706, 0.1533719, 0.0702498, -0.07729552, -0.03292685, 
-0.3436057, -0.6650518, -0.9131385, -1.243804, -1.509059, -1.96742, -2.145808, 
-1.085767, -0.5876266, -0.3253174, -0.02699348, 0.09823056, 0.1489802, 
0.1929752, 0.2703493, 0.3526696, 0.3939289, 0.2546828, 0.09045099, -0.2598759, 
0.3538339, 0.7480503, 1.202203, 1.409565, 1.434178, 2.077971, 2.014858, 
0.7576709, 0.1271275, -0.1557457, 0.258221, 0.5766027, 1.051962, 1.5347, 
1.38391, 1.633619, 2.135823, 1.390336, 1.035012, 0.5833277, -0.1728378, 
-0.422329, -0.6736454, -1.002831, -0.9915329, -0.8670036, -0.7977413, 
-0.3772718, -0.3113955, -0.2274131, -0.4045305, -0.7519921, -1.094577, 
-1.322635, -1.294492, -1.85883, -2.158856, -1.214439, -0.7044381, -0.3804364, 
-0.1602001, -0.106714, -0.1747011, -0.3611409, -0.2848271, -0.7223016, 
-0.9406661, -0.4053211, -0.181865, -0.07349355, -0.260627, -0.5585004, 
-0.9050354, -1.143723, -1.043415, -1.165936, -1.095919, -0.6707407, -0.4537372, 
-0.2002208, -0.1235626, -0.1486269, -0.3312883, -0.5853915, -0.4554891, 
-0.5807344, -0.8030087, -0.4171454, -0.2652838, -0.1877609, 0.3717791, 
0.8336155, 1.197225, 1.255333, 1.196904, 1.751588, 2.224093, 1.305626, 
0.8279416, 0.5415646, 0.1579326, 0.3141653, 0.3994413, 0.4796757, 0.4355849, 
0.4188315, 0.42553, 0.2735206, 0.2393202, 0.1388631, -0.4789925, -0.8381302, 
-1.18154, -1.722166, -1.742087, -2.162543, -2.781838, -1.549357, -0.8265095, 
-0.4800007, -0.3957243, -0.7553057, -1.173, -1.623764, -1.526961, -2.033793, 
-2.721507, -1.435237, -0.7323806, -0.4127348, -0.07803742, -0.1965366, 
-0.3775483, -0.3274009, -0.2852069, -0.7217273, -0.9764014, -0.6246106, 
-0.3017136, -0.08902478, 0.209688, 0.5125163, 0.7740673, 0.6658684, 0.4065308, 
1.044554, 1.361108, 0.6791405, 0.4051146, 0.1758788, 0.231701, 0.49155, 
0.7856485, 0.8521118, 0.7012501, 1.070539, 1.371057, 0.8575717, 0.4828767, 
0.2728901, -0.2086063, -0.4003035, -0.6846693, -1.069503, -1.125662, -1.165147, 
-1.138014, -0.8333077, -0.525738, -0.1883874, 0.2960757, 0.5456033, 0.8071964, 
1.020848, 1.162017, 1.331709, 1.660488, 0.9814891, 0.4965644, 0.2349795, 
-0.2688133, -0.4865509, -0.7161309, -0.8961392, -0.8459014, -1.064194, 
-1.247243, -0.7180036, -0.3932013, -0.2305368, -0.3030235, -0.6135124, 
-1.066087, -1.437502, -1.314597, -1.840501, -2.236355, -1.297697, -0.7057756, 
-0.3477915, 0.3792829, 0.7330113, 1.245039, 1.807435, 2.280598, 3.051606, 
3.058096, 1.32759, 0.6748392, 0.3957889, 0.3978858, 0.7187873, 0.7570934, 
0.8860687, 1.036186, 1.295761, 1.496301, 0.9688708, 0.6193502, 0.4270681, 
-0.4215846, -0.8259718, -1.202378, -1.579087, -1.744051, -2.322764, -2.906919, 
-1.655158, -0.8362177, -0.4222654, 0.3123086, 0.7016049, 1.179572, 1.360797, 
1.224869, 1.57679, 1.694659, 0.8841222, 0.5707272, 0.3928702, 0.1358606, 
0.1712522, 0.210255, 0.4660423, 0.5852748, 0.3199724, 0.1876105, 0.2316717, 
0.2879453, 0.1630027, -0.2836875, -0.5698308, -0.7906281, -0.9814351, -1.05059, 
-1.095384, -1.162427, -0.7086437, -0.4296958, -0.2169548, 0.2678179, 0.6974284, 
1.129599, 1.34208, 1.507989, 2.318305, 2.956048, 1.350222, 0.4204686, 
-0.07684166, 0.04101599, -0.0007582216, -0.08299156, -0.1199838, -0.03573223, 
0.07739253, 0.03880191, -0.08357242, 0.02155066, 0.1620493, -0.4030481, 
-0.7581361, -1.229385, -1.63711, -1.602564, -2.001675, -2.298387, -1.262587, 
-0.6919843, -0.4145534, -0.246643, -0.4334935, -0.6773825, -0.7870092, 
-0.6219783, -1.022856, -1.129486, -0.5241243, -0.2964539, -0.2372884, 
-0.2209343, -0.464873, -0.6640414, -1.101726, -1.040863, -0.9717604, -1.008825, 
-0.5108015, -0.3382802, -0.1941902, -0.1952242, -0.3536351, -0.6697139, 
-0.9608209, -0.8745376, -1.116766, -1.083556, -0.6332171, -0.3845372, 
-0.1794431, -0.03878935, -0.09848916, -0.1259303, -0.4152997, -0.420888, 
-0.6477977, -1.010939, -0.5510129, -0.1640314, 0.004787367, -0.4437511, 
-0.7727122, -1.195173, -1.550362, -1.567928, -2.369945, -2.884051, -1.535866, 
-0.8413373, -0.444076, -0.3515507, -0.7561453, -1.172153, -1.526899, -1.550331, 
-1.806767, -2.206497, -1.317143, -0.7699667, -0.42898, 0.3287984, 0.7959151, 
0.9980648, 1.365933, 1.493971, 1.808801, 2.468582, 1.37284, 0.7352625, 
0.5562224, -0.2570137, -0.486636, -0.8633856, -1.082652, -1.124999, -1.830466, 
-2.157162, -1.114814, -0.5345936, -0.2770037, 0.07145362, 0.1589926, 0.3802383, 
0.4628795, 0.2588913, 0.2678707, 0.2454174, 0.09545789, -0.02086537, 
-0.05339064, -0.3762622, -0.5111283, -0.7373873, -1.074915, -1.074826, 
-1.209031, -1.214348, -0.8279297, -0.4515656, -0.1347502, -0.2329917, 
-0.6210188, -1.09714, -1.387713, -1.313188, -1.784802, -2.146913, -1.207662, 
-0.6461157, -0.292736, -0.03378685, -0.1022175, -0.1553322, -0.1397761, 
-0.3066128, -0.6988105, -0.8392196, -0.3236073, -0.04598988, 0.01745254, 
0.3760468, 0.8545857, 1.370638, 1.933502, 2.498855, 3.00069, 3.487706, 
2.336137, 1.23116, 0.633812, -0.3168763, -0.7133465, -1.096862, -1.293144, 
-1.277687, -1.703654, -2.057981, -1.150526, -0.6232566, -0.3647676, 0.05415504, 
0.05739703, 0.1475398, 0.339364, 0.2035817, -0.007191635, 0.1122247, 0.1479796, 
0.0867733, 0.05325559, 0.4037843, 0.5675515, 0.950679, 1.458976, 1.384906, 
1.860628, 2.121638, 0.9436547, 0.5376227, 0.3082926, 0.1034544, 0.451526, 
0.9661035, 1.357277, 1.408734, 2.108236, 2.359061, 1.127406, 0.7073857, 
0.4172431, 0.4323801, 0.9092966, 1.1553, 1.463211, 1.633529, 2.007202, 
2.177728, 1.226717, 0.7867379, 0.4773583, -0.3974701, -0.7906027, -1.287504, 
-1.658979, -1.644411, -2.378419, -2.780266, -1.373352, -0.7293669, -0.3509401, 
-0.3056074, -0.572416, -1.032459, -1.513833, -1.414951, -1.633073, -2.110988, 
-1.273677, -0.6702594, -0.3159128, 0.3278408, 0.7187299, 1.127484, 1.422755, 
1.421139, 2.255506, 2.329946, 1.064407, 0.5308709, 0.2996407, 0.134212, 
0.1610262, 0.43316, 0.8005341, 0.7796165, 0.9977394, 1.18153, 0.5378896, 
0.2819391, 0.228908, -0.06469229, -0.05983513, -0.05253724, -0.1631978, 
-0.1633942, -0.01207496, 0.1961428, 0.07331584, -0.02513323, 0.03676881, 
-0.197248, -0.3374682, -0.4350137, -0.6081671, -0.6539813, -0.9873281, 
-1.072127, -0.6886007, -0.3612505, -0.1013062, -0.2643933, -0.3965746, 
-0.5988282, -0.9434298, -0.8694585, -0.9800059, -1.084806, -0.6784624, 
-0.4668056, -0.2971466, 0.0370367, 0.08179744, 0.3069075, 0.5402354, 0.2563442, 
-0.002733943, 0.04229563, 0.1274023, 0.1086902, 0.1077933, 0.4881521, 
0.8170808, 1.369637, 1.948337, 2.143959, 3.071721, 3.198733, 1.315523, 
0.3251335, 0.08230034, -0.4665184, -0.8099282, -1.184921, -1.658083, -1.749337, 
-2.360946, -2.962993, -1.627902, -0.837719, -0.438018, -0.1149114, -0.1029814, 
-0.01189952, -0.1730529, -0.4241987, -0.6322335, -0.871739, -0.3402467, 
-0.1543399, -0.1160761, -0.4347758, -0.7681538, -1.212012, -1.646811, 
-1.691183, -2.406015, -2.854867, -1.465471, -0.7758042, -0.414864, -0.04604575, 
0.06107443, 0.01132424, -0.08590095, -0.1548472, 0.1840815, 0.1813164, 
-0.006744114, 0.03063969, 0.1134016, 0.3872831, 0.7031838, 0.916305, 1.281845, 
1.572168, 1.969387, 2.423501, 1.422649, 0.9539028, 0.8045288, -0.1894562, 
-0.4578632, -0.8170337, -1.21732, -1.027456, -1.096788, -1.162491, -0.7351764, 
-0.417714, -0.1916964, 0.1303144, 0.2232364, 0.4823275, 0.622395, 0.4851932, 
0.2850644, 0.1300306, 0.07958086, 0.05952322, 0.01756134, -0.4310165, 
-0.760192, -1.053374, -1.390821, -1.438234, -1.807238, -2.132495, -1.256668, 
-0.7321512, -0.3863878, 0.02272222, 0.1467547, 0.3610628, 0.4760441, 0.2592944, 
0.1671575, 0.1249412, 0.1565121, 0.2144892, 0.1375023, 0.247738, 0.5415021, 
0.8548638, 1.072553, 0.9209278, 1.243733, 1.355367, 0.7634527, 0.5992052, 
0.378288, 0.1380069, 0.1983598, 0.2585326, 0.3596845, 0.2977856, 0.3747007, 
0.257588, 0.1254306, 0.06245354, 0.01445061, 0.008906469, 0.2585275, 0.3568056, 
0.2923934, 0.2585553, 0.09332283, 0.3218816, 0.3024596, 0.3527714, 0.1144873, 
0.3891733, 0.6528176, 0.9877362, 1.412205, 1.586041, 2.2136, 1.954264, 
0.9103297, 0.6274609, 0.3581167, -0.2508742, -0.4378153, -0.6568917, 
-0.9344346, -0.8857458, -1.062657, -1.033712, -0.634912, -0.461339, -0.2525888, 
0.1441118, 0.01811533, -0.06725606, 0.2360989, 0.5285067, 0.2867002, 0.2428434, 
0.2696954, 0.223118, 0.08179188, -0.1922833, -0.383293, -0.623589, -0.7731865, 
-0.8760406, -1.070358, -1.037113, -0.5083971, -0.2374432, -0.1270262, 
-0.1307698, -0.289479, -0.4002332, -0.5110715, -0.5945773, -1.008411, 
-0.9901863, -0.5075872, -0.3322374, -0.1799931, -0.3904786, -0.7305566, 
-1.102545, -1.325482, -1.373188, -1.847425, -2.145557, -1.157818, -0.6964449, 
-0.393973, -0.09955397, -0.08014037, -0.1319181, -0.2603485, -0.4099062, 
-0.3321758, -0.1266964, -0.09383749, -0.07383169, -0.0733682, 0.261782, 
0.3204035, 0.4619815, 0.8083511, 0.9193108, 1.211055, 1.143061, 0.5255794, 
0.08291007, -0.2079567, 0.1104121, 0.1335933, 0.3781278, 0.8822593, 0.618494, 
0.1576005, 0.1579248, 0.3201393, 0.3144705, 0.2610267, -0.3243974, -0.5239431, 
-0.8407099, -1.136849, -0.9914988, -1.093841, -1.069871, -0.7125547, 
-0.4982927, -0.2121008, -0.1365073, -0.304032, -0.5518208, -0.8603173, 
-0.8520733, -0.9311224, -0.9925826, -0.5193553, -0.3160186, -0.155052, 
-0.04104503, -0.08437181, -0.2863406, -0.3600989, -0.3333539, -0.6869404, 
-0.8506684, -0.3130595, -0.08385203, -0.03747685, -0.184802, -0.4400067, 
-0.7762552, -1.189084, -1.183892, -1.208505, -1.130519, -0.603571, -0.4171693, 
-0.1992783, 0.1691177, 0.4050607, 0.5973782, 0.8008725, 0.8286124, 1.41916, 
1.772367, 0.8833936, 0.3751404, 0.1962788, 0.2378695, 0.3632509, 0.5386099, 
0.7717996, 0.7870059, 0.9594012, 1.238554, 0.8329629, 0.4378869, 0.1837909, 
0.2262328, 0.4197428, 0.6905046, 0.8484017, 0.9989195, 1.395963, 1.306132, 
0.6028525, 0.3469744, 0.322227, -0.369216, -0.6909689, -1.017763, -1.395104, 
-1.443059, -1.891834, -2.253028, -1.298793, -0.7040172, -0.3602922, 0.1597386, 
0.1412429, 0.107981, 0.2457302, 0.4401381, 0.2884045, 0.2725121, 0.2474385, 
0.1387139, 0.04120775, -0.2084249, -0.5469856, -0.9760684, -1.28056, -1.208348, 
-1.762934, -2.080946, -0.9271803, -0.4868811, -0.2807604, 0.1511983, 0.201819, 
0.3440415, 0.7027097, 0.4440688, 0.1137943, 0.2689192, 0.4413549, 0.1675842, 
-0.2369364, -0.2537893, -0.5247907, -0.8872714, -1.275121, -1.241877, 
-1.613819, -2.024889, -1.008911, -0.4768089, -0.2379218, 0.2249408, 0.3131645, 
0.5158795, 0.8122276, 0.7847399, 0.9314332, 1.32098, 0.9989038, 0.6059023, 
0.3765747, 0.4358159, 0.7361357, 1.215535, 1.360477, 1.18031, 2.033802, 
2.425982, 1.060373, 0.5578278, 0.3312036, -0.4143554, -0.7819708, -1.100822, 
-1.406716, -1.488015, -2.025975, -2.330736, -1.386391, -0.7597156, -0.3985543, 
0.050446, 0.09472236, 0.1185121, 0.02089944, -0.1878611, -0.05024193, 
0.1056398, 0.06496433, 0.03994311, 0.02515698, 0.3623543, 0.5303451, 0.6476836, 
0.8191908, 0.7731619, 1.234472, 1.451007, 0.7822303, 0.6025567, 0.3919507, 
0.5026491, 0.8407107, 1.198165, 1.57859, 1.767819, 2.780604, 3.291612, 
1.501663, 0.6939192, 0.2949908, 0.2221609, 0.3404365, 0.3905412, 0.5152561, 
0.5266929, 0.128341, 0.2518384, 0.2725259, 0.2197544, 0.2279146, -0.0709227, 
-0.07029786, -0.1674038, -0.2130877, -0.1035501, 0.007696989, 0.2641935, 
-0.01611237, -0.1050757, 0.01468926, -0.1667025, -0.3352722, -0.5918188, 
-0.7641464, -0.7087813, -0.8131654, -1.044518, -0.7115369, -0.3628886, 
-0.1380913, 0.08135253, 0.3663506, 0.7500783, 1.277644, 1.399547, 1.501192, 
1.331137, 0.7782236, 0.6857823, 0.5578001, -0.3700734, -0.7012449, -1.120542, 
-1.606647, -1.697059, -1.968484, -2.301299, -1.344487, -0.744844, -0.4348049, 
0.3444767, 0.6676382, 0.8274218, 0.8908612, 0.8860916, 0.9082948, 1.036046, 
0.6030622, 0.4090189, 0.2746802, -0.1048058, -0.2392186, -0.3207417, -0.414814, 
-0.5493214, -0.6768212, -0.8552141, -0.4808477, -0.2580109, -0.1067588, 
-0.1577255, -0.3680909, -0.5655157, -0.7475641, -0.8483653, -0.9292877, 
-0.9953643, -0.6937174, -0.3945838, -0.1703675, 0.279468, 0.436949, 0.5424454, 
0.6759569, 0.7645693, 1.044989, 1.057755, 0.5549559, 0.384209, 0.1298806, 
0.366309, 0.7720001, 1.167126, 1.279918, 1.406199, 1.810064, 1.953262, 
1.064697, 0.4438347, -0.1096574, 0.3671768, 0.5700293, 0.8641756, 1.355712, 
1.727357, 2.183467, 2.158811, 1.204381, 0.8374254, 0.5080818, 0.1768965, 
0.09646393, 0.05455539, 0.1818583, 0.119078, -0.02167943, 0.2551284, 0.1946172, 
0.03313136, 0.0807434, -0.04201384, -0.1125514, -0.1858023, -0.2004185, 
-0.1770523, -0.02777252, 0.1794034, 0.01568537, -0.08055653, 0.007129782, 
-0.2843728, -0.4915894, -0.6028981, -0.9332135, -1.133254, -1.166709, 
-1.130926, -0.7454398, -0.5122558, -0.2664201, -0.187531, -0.3848488, 
-0.4529139, -0.4366047, -0.5391529, -0.7806583, -0.8277772, -0.4564155, 
-0.3420346, -0.22869, 0.2914195, 0.7253598, 1.323249, 1.699638, 1.539593, 
2.052837, 2.400135, 1.301518, 0.6601418, 0.3781456, -0.2481843, -0.466187, 
-0.602338, -0.8827423, -0.9390742, -0.9806975, -0.9596828, -0.6400365, 
-0.4133378, -0.1945859), .Dim=c( 300, 10 )) , N = 300 , K_b = 10 )

list(B0=0, beta=c(0,0,0,0,0,0,0,0,0,0), taubeta=1)

model{
	for (i in 1:N)
          {
        	 y[i]~dpois(lambda[i])
             log(lambda[i])<-B0+theta[i]
             
             #We essentially have to break up the matrix algrebra.
		    theta[i]<-CJ[i,1]*beta[1]+CJ[i,2]*beta[2]+CJ[i,3]*beta[3]+
            	CJ[i,4]*beta[4]+CJ[i,5]*beta[5]+CJ[i,6]*beta[6]+CJ[i,7]*beta[7]+
            	CJ[i,8]*beta[8]+CJ[i,9]*beta[9]+CJ[i,10]*beta[10]
        }
		
		#in winbugs the 2nd param default for dnorm is inversed, b/c we always use inverse gamma priors
		 for (k in 2:K_b)
           {beta[k]~dnorm(beta[k-1],taubeta)}
		  beta[1]~dnorm(0,1.0E-6)
            B0~dnorm(0,1.0E-3) 
            taubeta~dgamma(1.0E-3,1.0E-3)
} ### END MODEL
